V,379
E,23,379
E,25,379
E,99,379
E,377,379
E,379,393
V,684
E,226,684
E,646,684
E,647,684
E,681,684
E,682,684
E,683,684
V,377
E,25,377
E,97,377
E,98,377
E,99,377
E,377,379
E,377,387
V,845
E,843,845
E,845,847
E,845,848
E,845,854
E,845,855
V,367
E,93,367
E,365,367
E,366,367
E,367,368
E,367,369
E,367,913
V,378
E,96,378
E,97,378
E,98,378
E,378,380
E,378,381
E,378,387
V,122
E,122,123
E,122,539
E,122,541
E,122,542
E,122,543
V,715
E,174,715
E,707,715
E,708,715
E,710,715
E,713,715
E,715,717
E,715,718
V,636
E,39,636
E,159,636
E,598,636
E,635,636
E,636,683
V,718
E,707,718
E,709,718
E,715,718
E,717,718
E,718,720
E,718,721
E,718,724
V,898
E,2,898
E,95,898
E,641,898
E,642,898
E,644,898
E,645,898
E,650,898
E,897,898
V,612
E,118,612
E,468,612
E,469,612
E,611,612
E,612,622
V,454
E,113,454
E,114,454
E,449,454
E,451,454
E,453,454
E,454,455
E,454,493
V,1016
E,983,1016
E,998,1016
E,1001,1016
E,1003,1016
E,1016,1017
V,621
E,30,621
E,153,621
E,608,621
E,611,621
E,613,621
E,619,621
E,620,621
E,621,622
V,839
E,15,839
E,834,839
E,838,839
E,839,840
E,839,841
E,839,842
E,839,856
V,581
E,36,581
E,38,581
E,146,581
E,148,581
E,581,583
E,581,584
E,581,592
E,581,699
V,669
E,164,669
E,659,669
E,667,669
E,669,670
E,669,804
V,761
E,48,761
E,192,761
E,194,761
E,195,761
E,755,761
E,758,761
E,759,761
E,761,762
E,761,778
V,841
E,839,841
E,840,841
E,841,842
E,841,843
V,224
E,57,224
E,221,224
E,224,230
E,224,886
E,224,921
E,224,922
E,224,925
V,850
E,53,850
E,54,850
E,55,850
E,212,850
E,214,850
V,624
E,30,624
E,389,624
E,623,624
E,624,625
V,233
E,233,952
E,233,968
E,233,971
E,233,972
E,233,973
E,233,974
V,610
E,31,610
E,154,610
E,478,610
E,479,610
E,546,610
E,547,610
V,569
E,144,569
E,145,569
E,569,573
E,569,578
E,569,579
E,569,585
V,374
E,24,374
E,92,374
E,372,374
E,373,374
V,875
E,869,875
E,871,875
E,875,876
E,875,877
E,875,878
E,875,923
E,875,925
V,1019
E,253,1019
E,254,1019
E,255,1019
E,1001,1019
E,1013,1019
E,1017,1019
E,1019,1021
V,287
E,286,287
E,287,289
E,287,353
V,555
E,119,555
E,543,555
E,544,555
E,546,555
E,554,555
E,555,556
E,555,559
V,782
E,50,782
E,776,782
E,781,782
E,782,783
E,782,784
V,751
E,49,751
E,179,751
E,180,751
E,187,751
E,746,751
E,749,751
E,751,752
E,751,753
E,751,758
V,132
E,132,133
E,132,523
E,132,525
E,132,528
E,132,531
E,132,561
V,628
E,156,628
E,617,628
E,618,628
E,627,628
E,628,631
E,628,633
E,628,634
V,191
E,188,191
E,191,756
E,191,757
E,191,763
E,191,766
V,3
E,3,16
E,3,948
E,3,949
E,3,954
E,3,955
E,3,956
V,919
E,230,919
E,917,919
E,918,919
E,919,920
E,919,924
V,301
E,65,301
E,66,301
E,299,301
V,861
E,61,861
E,216,861
E,232,861
E,857,861
E,859,861
E,860,861
E,861,862
E,861,874
V,708
E,701,708
E,702,708
E,707,708
E,708,710
E,708,715
V,389
E,157,389
E,389,390
E,389,391
E,389,400
E,389,623
E,389,624
E,389,625
V,621
E,30,621
E,153,621
E,608,621
E,611,621
E,613,621
E,619,621
E,620,621
E,621,622
V,293
E,74,293
E,293,295
E,293,304
E,293,307
E,293,308
E,293,309
V,950
E,22,950
E,237,950
E,948,950
E,950,951
E,950,953
E,950,954
V,2
E,2,650
E,2,651
E,2,652
E,2,896
E,2,897
E,2,898
V,355
E,87,355
E,104,355
E,105,355
E,354,355
E,355,357
E,355,364
V,330
E,18,330
E,79,330
E,80,330
E,81,330
E,327,330
E,330,332
E,330,333
V,786
E,786,787
E,786,788
E,786,792
E,786,793
E,786,794
E,786,796
E,786,808
V,410
E,407,410
E,410,411
E,410,413
E,410,414
E,410,415
V,376
E,24,376
E,91,376
E,99,376
E,361,376
E,375,376
E,376,394
V,83
E,83,84
E,83,86
E,83,338
E,83,339
E,83,343
E,83,363
V,313
E,18,313
E,311,313
E,312,313
E,313,331
E,313,345
E,313,346
V,692
E,169,692
E,171,692
E,172,692
E,676,692
E,688,692
E,690,692
E,691,692
E,692,693
V,885
E,223,885
E,879,885
E,880,885
E,884,885
E,885,886
E,885,925
V,656
E,42,656
E,654,656
E,655,656
E,656,882
E,656,891
E,656,892
E,656,894
V,137
E,137,139
E,137,560
E,137,564
E,137,570
E,137,572
V,475
E,9,475
E,116,475
E,118,475
E,121,475
E,473,475
E,474,475
E,475,476
E,475,481
V,152
E,29,152
E,119,152
E,151,152
E,152,545
E,152,546
E,152,547
E,152,548
V,200
E,52,200
E,185,200
E,186,200
E,199,200
E,200,740
E,200,741
V,994
E,250,994
E,864,994
E,865,994
E,993,994
E,994,995
E,994,996
V,118
E,116,118
E,118,121
E,118,469
E,118,475
E,118,478
E,118,611
E,118,612
V,436
E,27,436
E,435,436
E,436,437
E,436,438
E,436,439
E,436,440
E,436,441
V,632
E,39,632
E,630,632
E,632,634
E,632,635
E,632,637
V,810
E,205,810
E,806,810
E,809,810
E,810,811
E,810,825
E,810,826
V,454
E,113,454
E,114,454
E,449,454
E,451,454
E,453,454
E,454,455
E,454,493
V,381
E,95,381
E,96,381
E,378,381
E,380,381
E,381,382
V,830
E,207,830
E,208,830
E,209,830
E,822,830
E,827,830
E,828,830
E,829,830
V,610
E,31,610
E,154,610
E,478,610
E,479,610
E,546,610
E,547,610
V,347
E,77,347
E,292,347
E,310,347
E,344,347
V,786
E,786,787
E,786,788
E,786,792
E,786,793
E,786,794
E,786,796
E,786,808
V,283
E,72,283
E,73,283
E,282,283
E,283,290
E,283,291
V,635
E,39,635
E,598,635
E,615,635
E,616,635
E,632,635
E,634,635
E,635,636
V,112
E,111,112
E,112,406
E,112,440
E,112,441
E,112,442
E,112,444
E,112,446
V,950
E,22,950
E,237,950
E,948,950
E,950,951
E,950,953
E,950,954
V,749
E,179,749
E,181,749
E,725,749
E,746,749
E,748,749
E,749,751
V,701
E,177,701
E,701,702
E,701,703
E,701,705
E,701,707
E,701,708
V,429
E,4,429
E,421,429
E,428,429
E,429,430
V,160
E,160,383
E,160,385
E,160,641
E,160,642
E,160,643
V,78
E,77,78
E,78,341
E,78,344
E,78,348
E,78,350
V,445
E,406,445
E,443,445
E,444,445
E,445,447
E,445,459
E,445,460
V,614
E,149,614
E,158,614
E,607,614
E,613,614
E,614,615
E,614,616
V,472
E,9,472
E,115,472
E,457,472
E,458,472
E,462,472
E,465,472
E,471,472
V,6
E,6,66
E,6,68
E,6,297
E,6,298
E,6,300
E,6,302
V,229
E,227,229
E,229,238
E,229,916
E,229,942
E,229,943
V,930
E,929,930
E,930,931
E,930,932
E,930,933
E,930,936
V,230
E,221,230
E,224,230
E,230,919
E,230,920
E,230,921
E,230,923
E,230,924
V,309
E,74,309
E,293,309
E,308,309
E,309,310
E,309,311
V,424
E,109,424
E,422,424
E,423,424
E,424,425
E,424,426
E,424,427
E,424,428
V,757
E,188,757
E,191,757
E,756,757
E,757,758
V,645
E,225,645
E,644,645
E,645,646
E,645,650
E,645,898
V,318
E,1,318
E,5,318
E,20,318
E,243,318
E,314,318
E,316,318
E,317,318
E,318,319
V,953
E,950,953
E,951,953
E,953,954
E,953,955
E,953,967
E,953,969
V,745
E,167,745
E,186,745
E,737,745
E,739,745
E,744,745
E,745,746
V,982
E,246,982
E,256,982
E,980,982
E,981,982
E,982,1018
E,982,1020
V,638
E,226,638
E,385,638
E,637,638
E,638,639
E,638,643
E,638,644
V,317
E,81,317
E,312,317
E,314,317
E,317,318
E,317,319
E,317,320
E,317,322
E,317,328
V,16
E,3,16
E,16,240
E,16,241
E,16,323
E,16,949
E,16,956
E,16,957
V,754
E,189,754
E,190,754
E,719,754
E,720,754
E,721,754
E,752,754
E,753,754
V,176
E,175,176
E,176,178
E,176,580
E,176,582
E,176,698
E,176,700
E,176,702
E,176,703
E,176,704
V,871
E,232,871
E,858,871
E,860,871
E,868,871
E,869,871
E,870,871
E,871,875
E,871,923
V,190
E,189,190
E,190,753
E,190,754
E,190,756
V,130
E,127,130
E,130,507
E,130,508
E,130,509
E,130,510
V,928
E,863,928
E,866,928
E,926,928
E,927,928
E,928,940
E,928,992
V,151
E,29,151
E,151,152
E,151,547
E,151,605
E,151,607
E,151,609
V,875
E,869,875
E,871,875
E,875,876
E,875,877
E,875,878
E,875,923
E,875,925
V,613
E,156,613
E,607,613
E,608,613
E,613,614
E,613,615
E,613,617
E,613,619
E,613,621
V,686
E,162,686
E,163,686
E,678,686
E,679,686
E,685,686
E,686,687
V,539
E,122,539
E,123,539
E,536,539
E,537,539
E,539,543
V,1012
E,214,1012
E,252,1012
E,1008,1012
E,1011,1012
E,1012,1014
V,313
E,18,313
E,311,313
E,312,313
E,313,331
E,313,345
E,313,346
V,474
E,9,474
E,116,474
E,474,475
V,734
E,184,734
E,695,734
E,726,734
E,733,734
E,734,735
V,79
E,79,80
E,79,329
E,79,330
E,79,332
E,79,340
E,79,341
E,79,342
E,79,345
V,939
E,938,939
E,939,940
E,939,941
V,419
E,108,419
E,277,419
E,418,419
E,419,420
V,544
E,533,544
E,534,544
E,543,544
E,544,555
E,544,557
E,544,559
V,362
E,90,362
E,91,362
E,361,362
E,362,363
V,113
E,113,114
E,113,454
E,113,491
E,113,493
V,488
E,483,488
E,486,488
E,487,488
E,488,489
V,465
E,462,465
E,464,465
E,465,466
E,465,470
E,465,471
E,465,472
V,72
E,72,88
E,72,283
E,72,288
E,72,289
E,72,290
E,72,291
E,72,292
E,72,350
V,872
E,56,872
E,215,872
E,217,872
E,869,872
E,870,872
E,872,873
V,975
E,244,975
E,245,975
E,247,975
E,975,979
V,411
E,103,411
E,395,411
E,396,411
E,407,411
E,408,411
E,410,411
E,411,412
E,411,414
V,437
E,436,437
E,437,438
E,437,439
E,437,447
V,894
E,652,894
E,654,894
E,656,894
E,891,894
E,893,894
E,894,895
V,489
E,483,489
E,486,489
E,488,489
E,489,491
E,489,492
E,489,493
E,489,494
V,148
E,38,148
E,148,581
E,148,592
E,148,690
V,357
E,90,357
E,103,357
E,104,357
E,355,357
E,357,358
E,357,364
V,503
E,125,503
E,126,503
E,127,503
E,503,511
E,503,520
E,503,521
E,503,538
V,396
E,102,396
E,395,396
E,396,397
E,396,411
E,396,412
V,233
E,233,952
E,233,968
E,233,971
E,233,972
E,233,973
E,233,974
V,870
E,858,870
E,869,870
E,870,871
E,870,872
E,870,873
V,966
E,965,966
E,966,967
E,966,968
E,966,969
E,966,974
V,427
E,424,427
E,426,427
E,427,428
E,427,432
V,724
E,716,724
E,717,724
E,718,724
E,721,724
E,722,724
E,723,724
V,51
E,51,204
E,51,219
E,51,220
E,51,823
V,669
E,164,669
E,659,669
E,667,669
E,669,670
E,669,804
V,619
E,156,619
E,613,619
E,619,620
E,619,621
V,674
E,44,674
E,666,674
E,668,674
E,672,674
E,673,674
E,674,675
V,905
E,227,905
E,887,905
E,889,905
E,903,905
E,905,906
E,905,907
E,905,921
E,905,922
V,658
E,14,658
E,222,658
E,657,658
E,658,813
E,658,816
E,658,817
E,658,883
V,282
E,68,282
E,73,282
E,281,282
E,282,283
E,282,284
E,282,291
V,243
E,1,243
E,5,243
E,21,243
E,65,243
E,243,256
E,243,318
E,243,962
E,243,963
E,243,965
E,243,976
E,243,979
V,940
E,918,940
E,926,940
E,928,940
E,929,940
E,938,940
E,939,940
E,940,941
E,940,992
V,511
E,127,511
E,503,511
E,509,511
E,510,511
E,511,512
E,511,518
E,511,519
E,511,520
V,648
E,13,648
E,647,648
E,648,661
E,648,662
E,648,664
V,605
E,29,605
E,149,605
E,150,605
E,151,605
E,550,605
E,605,606
E,605,607
V,512
E,510,512
E,511,512
E,512,513
E,512,518
V,919
E,230,919
E,917,919
E,918,919
E,919,920
E,919,924
V,314
E,312,314
E,314,315
E,314,316
E,314,317
E,314,318
V,714
E,174,714
E,713,714
E,714,716
E,714,727
E,714,730
V,903
E,887,903
E,902,903
E,903,904
E,903,905
E,903,907
V,39
E,39,632
E,39,635
E,39,636
E,39,637
E,39,683
V,834
E,15,834
E,218,834
E,821,834
E,834,836
E,834,837
E,834,838
E,834,839
V,354
E,104,354
E,105,354
E,353,354
E,354,355
E,354,356
V,849
E,54,849
E,55,849
E,213,849
E,848,849
E,849,852
E,849,854
V,805
E,43,805
E,166,805
E,799,805
E,800,805
E,805,811
V,860
E,232,860
E,858,860
E,859,860
E,860,861
E,860,871
V,219
E,41,219
E,51,219
E,219,220
E,219,820
E,219,823
V,652
E,2,652
E,651,652
E,652,654
E,652,894
E,652,895
E,652,896
V,409
E,102,409
E,117,409
E,401,409
E,402,409
E,403,409
E,404,409
E,408,409
E,409,412
V,575
E,144,575
E,178,575
E,575,576
E,575,577
E,575,580
V,540
E,123,540
E,124,540
E,485,540
E,502,540
E,540,541
V,886
E,57,886
E,58,886
E,223,886
E,224,886
E,885,886
E,886,925
V,613
E,156,613
E,607,613
E,608,613
E,613,614
E,613,615
E,613,617
E,613,619
E,613,621
V,901
E,896,901
E,900,901
E,901,902
E,901,904
E,901,907
E,901,909
V,880
E,815,880
E,879,880
E,880,881
E,880,883
E,880,884
E,880,885
V,116
E,9,116
E,116,118
E,116,467
E,116,469
E,116,471
E,116,474
E,116,475
V,295
E,19,295
E,74,295
E,75,295
E,76,295
E,293,295
E,295,304
V,202
E,11,202
E,201,202
E,202,739
E,202,797
E,202,798
E,202,801
V,393
E,23,393
E,99,393
E,100,393
E,359,393
E,379,393
E,392,393
E,393,394
V,935
E,234,935
E,236,935
E,933,935
E,935,952
E,935,971
V,731
E,46,731
E,168,731
E,173,731
E,673,731
E,694,731
E,731,732
E,731,736
V,753
E,190,753
E,751,753
E,752,753
E,753,754
E,753,756
E,753,758
V,697
E,695,697
E,696,697
E,697,711
E,697,712
E,697,728
V,700
E,36,700
E,176,700
E,582,700
E,698,700
E,699,700
V,238
E,229,238
E,235,238
E,237,238
E,238,916
E,238,937
E,238,938
E,238,941
E,238,942
V,278
E,272,278
E,275,278
E,276,278
E,278,279
E,278,280
E,278,285
V,396
E,102,396
E,395,396
E,396,397
E,396,411
E,396,412
V,261
E,65,261
E,67,261
E,260,261
E,261,262
E,261,299
V,531
E,132,531
E,522,531
E,523,531
E,528,531
E,529,531
E,530,531
E,531,532
E,531,562
V,368
E,17,368
E,335,368
E,337,368
E,365,368
E,367,368
E,368,913
V,567
E,32,567
E,146,567
E,552,567
E,564,567
E,565,567
E,567,568
E,567,571
E,567,584
E,567,585
V,322
E,20,322
E,317,322
E,319,322
E,320,322
E,321,322
V,331
E,18,331
E,80,331
E,313,331
E,329,331
E,331,345
V,988
E,248,988
E,934,988
E,978,988
E,985,988
E,986,988
E,987,988
E,988,990
V,314
E,312,314
E,314,315
E,314,316
E,314,317
E,314,318
V,610
E,31,610
E,154,610
E,478,610
E,479,610
E,546,610
E,547,610
V,885
E,223,885
E,879,885
E,880,885
E,884,885
E,885,886
E,885,925
V,620
E,30,620
E,156,620
E,619,620
E,620,621
E,620,625
V,395
E,101,395
E,103,395
E,395,396
E,395,397
E,395,411
V,818
E,812,818
E,813,818
E,814,818
E,817,818
E,818,820
V,562
E,10,562
E,131,562
E,134,562
E,140,562
E,530,562
E,531,562
E,532,562
V,174
E,174,713
E,174,714
E,174,715
E,174,716
E,174,717
V,94
E,93,94
E,94,369
E,94,370
E,94,371
E,94,912
V,266
E,67,266
E,70,266
E,265,266
E,266,267
E,266,268
E,266,270
V,738
E,46,738
E,736,738
E,737,738
E,738,739
E,738,801
E,738,802
V,25
E,23,25
E,25,377
E,25,379
E,25,387
E,25,388
E,25,640
V,344
E,77,344
E,78,344
E,310,344
E,341,344
E,344,345
E,344,346
E,344,347
V,607
E,149,607
E,151,607
E,155,607
E,605,607
E,607,608
E,607,609
E,607,613
E,607,614
V,254
E,254,255
E,254,1019
E,254,1021
V,211
E,209,211
E,211,827
E,211,831
E,211,832
E,211,835
V,568
E,552,568
E,553,568
E,558,568
E,565,568
E,566,568
E,567,568
