V,19
E,19,74
E,19,76
E,19,292
E,19,294
E,19,295
E,19,310
V,19
E,19,74
E,19,76
E,19,292
E,19,294
E,19,295
E,19,310
V,173
E,12,173
E,173,694
E,173,695
E,173,731
E,173,732
E,173,733
V,279
E,278,279
E,279,280
E,279,281
E,279,284
E,279,285
V,6
E,6,66
E,6,68
E,6,297
E,6,298
E,6,300
E,6,302
V,33
E,33,138
E,33,139
E,33,140
E,33,141
E,33,561
V,657
E,42,657
E,222,657
E,657,658
E,657,660
E,657,882
E,657,883
V,25
E,23,25
E,25,377
E,25,379
E,25,387
E,25,388
E,25,640
V,837
E,41,837
E,218,837
E,834,837
E,836,837
V,817
E,658,817
E,813,817
E,815,817
E,816,817
E,817,818
E,817,819
E,817,820
V,239
E,5,239
E,20,239
E,239,321
E,239,960
E,239,961
V,326
E,324,326
E,325,326
E,326,327
E,326,333
E,326,334
E,326,947
V,217
E,215,217
E,217,218
E,217,838
E,217,856
E,217,869
E,217,872
V,69
E,69,70
E,69,257
E,69,258
E,69,267
E,69,273
V,218
E,41,218
E,217,218
E,218,834
E,218,837
E,218,838
E,218,869
V,25
E,23,25
E,25,377
E,25,379
E,25,387
E,25,388
E,25,640
V,625
E,30,625
E,156,625
E,157,625
E,389,625
E,620,625
E,624,625
V,430
E,4,430
E,28,430
E,274,430
E,421,430
E,429,430
V,251
E,251,253
E,251,1013
E,251,1015
E,251,1024
V,431
E,4,431
E,28,431
E,110,431
E,273,431
E,431,432
E,431,433
V,32
E,32,147
E,32,552
E,32,567
E,32,584
V,215
E,56,215
E,215,217
E,215,855
E,215,856
E,215,872
V,479
E,31,479
E,121,479
E,477,479
E,478,479
E,479,480
E,479,610
V,958
E,240,958
E,241,958
E,321,958
E,323,958
E,958,959
V,241
E,16,241
E,240,241
E,241,956
E,241,958
E,241,959
V,269
E,269,270
E,269,271
E,269,272
E,269,280
V,454
E,113,454
E,114,454
E,449,454
E,451,454
E,453,454
E,454,455
E,454,493
V,793
E,197,793
E,203,793
E,786,793
E,793,794
E,793,808
V,257
E,69,257
E,110,257
E,257,258
E,257,260
E,257,273
E,257,493
V,794
E,197,794
E,786,794
E,793,794
E,794,796
V,414
E,103,414
E,356,414
E,410,414
E,411,414
E,414,415
V,723
E,180,723
E,181,723
E,182,723
E,716,723
E,722,723
E,723,724
E,723,727
E,723,750
V,394
E,90,394
E,99,394
E,359,394
E,360,394
E,361,394
E,376,394
E,393,394
V,752
E,180,752
E,721,752
E,750,752
E,751,752
E,752,753
E,752,754
V,701
E,177,701
E,701,702
E,701,703
E,701,705
E,701,707
E,701,708
V,0
V,144
E,144,569
E,144,575
E,144,577
E,144,578
E,144,579
E,144,580
V,116
E,9,116
E,116,118
E,116,467
E,116,469
E,116,471
E,116,474
E,116,475
V,698
E,37,698
E,175,698
E,176,698
E,695,698
E,696,698
E,698,699
E,698,700
V,682
E,647,682
E,681,682
E,682,684
V,923
E,221,923
E,230,923
E,866,923
E,867,923
E,868,923
E,871,923
E,875,923
E,923,924
E,923,925
V,821
E,15,821
E,821,832
E,821,834
E,821,836
V,392
E,23,392
E,26,392
E,100,392
E,101,392
E,391,392
E,392,393
V,204
E,51,204
E,204,206
E,204,207
E,204,220
E,204,823
E,204,824
V,845
E,843,845
E,845,847
E,845,848
E,845,854
E,845,855
V,948
E,3,948
E,22,948
E,324,948
E,945,948
E,947,948
E,948,949
E,948,950
E,948,954
E,948,957
V,731
E,46,731
E,168,731
E,173,731
E,673,731
E,694,731
E,731,732
E,731,736
V,253
E,64,253
E,251,253
E,253,1001
E,253,1010
E,253,1013
E,253,1015
E,253,1019
V,180
E,179,180
E,180,181
E,180,723
E,180,750
E,180,751
E,180,752
V,605
E,29,605
E,149,605
E,150,605
E,151,605
E,550,605
E,605,606
E,605,607
V,1023
E,63,1023
E,256,1023
E,1020,1023
E,1021,1023
E,1022,1023
E,1023,1024
V,734
E,184,734
E,695,734
E,726,734
E,733,734
E,734,735
V,405
E,404,405
E,405,406
E,405,460
E,405,463
V,312
E,18,312
E,81,312
E,311,312
E,312,313
E,312,314
E,312,315
E,312,317
V,35
E,35,572
E,35,573
E,35,574
E,35,576
E,35,577
V,922
E,57,922
E,58,922
E,224,922
E,889,922
E,905,922
E,921,922
V,694
E,168,694
E,169,694
E,173,694
E,693,694
E,694,695
E,694,731
V,389
E,157,389
E,389,390
E,389,391
E,389,400
E,389,623
E,389,624
E,389,625
V,95
E,95,96
E,95,381
E,95,382
E,95,384
E,95,641
E,95,897
E,95,898
E,95,899
V,882
E,42,882
E,656,882
E,657,882
E,881,882
E,882,883
E,882,892
V,314
E,312,314
E,314,315
E,314,316
E,314,317
E,314,318
V,683
E,39,683
E,159,683
E,226,683
E,636,683
E,637,683
E,681,683
E,683,684
E,683,685
V,91
E,24,91
E,91,361
E,91,362
E,91,363
E,91,366
E,91,376
V,803
E,165,803
E,166,803
E,800,803
E,803,804
E,803,814
V,994
E,250,994
E,864,994
E,865,994
E,993,994
E,994,995
E,994,996
V,929
E,929,930
E,929,931
E,929,936
E,929,937
E,929,938
E,929,940
E,929,992
V,928
E,863,928
E,866,928
E,926,928
E,927,928
E,928,940
E,928,992
V,3
E,3,16
E,3,948
E,3,949
E,3,954
E,3,955
E,3,956
V,800
E,165,800
E,166,800
E,671,800
E,797,800
E,799,800
E,800,803
E,800,805
V,203
E,197,203
E,201,203
E,203,793
E,203,798
E,203,799
E,203,807
E,203,808
V,807
E,203,807
E,205,807
E,799,807
E,806,807
E,807,808
V,949
E,3,949
E,16,949
E,948,949
E,949,957
V,971
E,233,971
E,933,971
E,934,971
E,935,971
E,952,971
E,971,972
V,275
E,70,275
E,272,275
E,274,275
E,275,276
E,275,278
V,312
E,18,312
E,81,312
E,311,312
E,312,313
E,312,314
E,312,315
E,312,317
V,237
E,22,237
E,235,237
E,237,238
E,237,942
E,237,944
E,237,950
E,237,951
V,242
E,242,955
E,242,956
E,242,963
E,242,964
E,242,967
V,460
E,405,460
E,406,460
E,445,460
E,458,460
E,459,460
E,460,461
E,460,462
E,460,463
V,338
E,17,338
E,83,338
E,338,339
E,338,363
E,338,365
V,541
E,122,541
E,123,541
E,124,541
E,480,541
E,540,541
E,541,542
V,1008
E,53,1008
E,214,1008
E,1008,1009
E,1008,1010
E,1008,1011
E,1008,1012
V,509
E,127,509
E,130,509
E,509,510
E,509,511
V,711
E,696,711
E,697,711
E,710,711
E,711,712
E,711,713
V,387
E,25,387
E,40,387
E,96,387
E,97,387
E,377,387
E,378,387
E,386,387
E,387,640
V,919
E,230,919
E,917,919
E,918,919
E,919,920
E,919,924
V,157
E,156,157
E,157,389
E,157,390
E,157,625
E,157,626
E,157,627
V,963
E,21,963
E,242,963
E,243,963
E,963,964
E,963,965
E,963,967
V,57
E,57,58
E,57,224
E,57,886
E,57,922
V,468
E,117,468
E,403,468
E,467,468
E,468,469
E,468,470
E,468,612
E,468,622
E,468,623
V,344
E,77,344
E,78,344
E,310,344
E,341,344
E,344,345
E,344,346
E,344,347
V,973
E,233,973
E,952,973
E,968,973
E,970,973
V,727
E,182,727
E,714,727
E,716,727
E,723,727
E,726,727
E,727,728
E,727,730
V,620
E,30,620
E,156,620
E,619,620
E,620,621
E,620,625
V,503
E,125,503
E,126,503
E,127,503
E,503,511
E,503,520
E,503,521
E,503,538
V,460
E,405,460
E,406,460
E,445,460
E,458,460
E,459,460
E,460,461
E,460,462
E,460,463
V,275
E,70,275
E,272,275
E,274,275
E,275,276
E,275,278
V,116
E,9,116
E,116,118
E,116,467
E,116,469
E,116,471
E,116,474
E,116,475
V,927
E,866,927
E,917,927
E,924,927
E,926,927
E,927,928
V,303
E,1,303
E,75,303
E,76,303
E,296,303
E,297,303
E,302,303
E,303,304
V,934
E,932,934
E,933,934
E,934,971
E,934,972
E,934,978
E,934,988
E,934,990
V,453
E,451,453
E,452,453
E,453,454
E,453,455
V,395
E,101,395
E,103,395
E,395,396
E,395,397
E,395,411
V,508
E,126,508
E,127,508
E,130,508
E,506,508
E,507,508
V,48
E,48,195
E,48,196
E,48,760
E,48,761
E,48,775
E,48,778
V,33
E,33,138
E,33,139
E,33,140
E,33,141
E,33,561
V,676
E,169,676
E,170,676
E,171,676
E,675,676
E,676,692
V,931
E,231,931
E,250,931
E,929,931
E,930,931
E,931,932
E,931,992
V,218
E,41,218
E,217,218
E,218,834
E,218,837
E,218,838
E,218,869
V,801
E,202,801
E,671,801
E,738,801
E,739,801
E,797,801
E,801,802
V,741
E,185,741
E,199,741
E,200,741
V,393
E,23,393
E,99,393
E,100,393
E,359,393
E,379,393
E,392,393
E,393,394
V,44
E,44,168
E,44,673
E,44,674
E,44,675
V,774
E,47,774
E,771,774
E,772,774
E,773,774
V,330
E,18,330
E,79,330
E,80,330
E,81,330
E,327,330
E,330,332
E,330,333
V,370
E,93,370
E,94,370
E,370,371
E,370,372
E,370,910
V,178
E,176,178
E,178,575
E,178,576
E,178,580
E,178,704
E,178,706
E,178,709
E,178,719
V,471
E,9,471
E,116,471
E,465,471
E,467,471
E,470,471
E,471,472
V,739
E,11,739
E,52,739
E,186,739
E,202,739
E,737,739
E,738,739
E,739,745
E,739,801
V,619
E,156,619
E,613,619
E,619,620
E,619,621
V,456
E,114,456
E,115,456
E,455,456
E,456,457
E,456,490
V,349
E,85,349
E,341,349
E,342,349
E,348,349
E,349,350
E,349,351
V,207
E,204,207
E,206,207
E,207,220
E,207,791
E,207,792
E,207,822
E,207,828
E,207,830
V,408
E,111,408
E,404,408
E,406,408
E,407,408
E,408,409
E,408,411
E,408,412
V,658
E,14,658
E,222,658
E,657,658
E,658,813
E,658,816
E,658,817
E,658,883
V,334
E,326,334
E,333,334
E,334,336
E,334,946
E,334,947
V,365
E,17,365
E,338,365
E,363,365
E,365,366
E,365,367
E,365,368
V,651
E,2,651
E,650,651
E,651,652
E,651,654
V,995
E,60,995
E,232,995
E,865,995
E,994,995
E,995,996
V,970
E,236,970
E,951,970
E,952,970
E,968,970
E,969,970
E,970,973
V,374
E,24,374
E,92,374
E,372,374
E,373,374
V,174
E,174,713
E,174,714
E,174,715
E,174,716
E,174,717
V,324
E,324,325
E,324,326
E,324,947
E,324,948
E,324,957
V,637
E,39,637
E,226,637
E,630,637
E,632,637
E,637,638
E,637,639
E,637,683
V,751
E,49,751
E,179,751
E,180,751
E,187,751
E,746,751
E,749,751
E,751,752
E,751,753
E,751,758
V,1018
E,981,1018
E,982,1018
E,983,1018
E,1017,1018
E,1018,1020
V,937
E,235,937
E,238,937
E,929,937
E,936,937
E,937,938
V,252
E,64,252
E,252,1011
E,252,1012
E,252,1014
V,56
E,56,213
E,56,215
E,56,854
E,56,855
E,56,872
E,56,873
V,970
E,236,970
E,951,970
E,952,970
E,968,970
E,969,970
E,970,973
V,464
E,461,464
E,462,464
E,463,464
E,464,465
E,464,466
V,79
E,79,80
E,79,329
E,79,330
E,79,332
E,79,340
E,79,341
E,79,342
E,79,345
V,343
E,83,343
E,84,343
E,85,343
E,86,343
E,343,351
E,343,352
V,906
E,227,906
E,905,906
E,906,907
E,906,908
E,906,909
E,906,943
V,20
E,5,20
E,20,239
E,20,318
E,20,319
E,20,321
E,20,322
V,530
E,131,530
E,527,530
E,529,530
E,530,531
E,530,562
V,649
E,225,649
E,646,649
E,647,649
E,649,650
E,649,654
E,649,663
E,649,664
V,141
E,33,141
E,139,141
E,141,142
E,141,561
E,141,563
V,837
E,41,837
E,218,837
E,834,837
E,836,837
V,771
E,767,771
E,768,771
E,769,771
E,770,771
E,771,772
E,771,773
E,771,774
E,771,784
E,771,831
V,489
E,483,489
E,486,489
E,488,489
E,489,491
E,489,492
E,489,493
E,489,494
V,790
E,788,790
E,790,792
E,790,828
E,790,829
V,960
E,21,960
E,239,960
E,321,960
E,956,960
E,959,960
E,960,961
V,457
E,115,457
E,452,457
E,455,457
E,456,457
E,457,458
E,457,459
E,457,472
V,417
E,107,417
E,413,417
E,416,417
E,417,418
E,417,420
E,417,422
E,417,423
V,164
E,13,164
E,164,666
E,164,667
E,164,668
E,164,669
E,164,670
V,672
E,165,672
E,668,672
E,670,672
E,671,672
E,672,673
E,672,674
E,672,802
V,828
E,207,828
E,790,828
E,792,828
E,828,829
E,828,830
V,365
E,17,365
E,338,365
E,363,365
E,365,366
E,365,367
E,365,368
V,38
E,38,148
E,38,581
E,38,689
E,38,690
E,38,699
V,983
E,981,983
E,983,998
E,983,999
E,983,1016
E,983,1017
E,983,1018
V,549
E,29,549
E,147,549
E,548,549
E,549,550
E,549,552
E,549,588
E,549,589
V,1006
E,851,1006
E,862,1006
E,1002,1006
E,1005,1006
E,1006,1007
V,357
E,90,357
E,103,357
E,104,357
E,355,357
E,357,358
E,357,364
V,426
E,424,426
E,425,426
E,426,427
E,426,432
E,426,434
V,800
E,165,800
E,166,800
E,671,800
E,797,800
E,799,800
E,800,803
E,800,805
V,455
E,114,455
E,452,455
E,453,455
E,454,455
E,455,456
E,455,457
V,655
E,42,655
E,653,655
E,654,655
E,655,656
V,511
E,127,511
E,503,511
E,509,511
E,510,511
E,511,512
E,511,518
E,511,519
E,511,520
V,344
E,77,344
E,78,344
E,310,344
E,341,344
E,344,345
E,344,346
E,344,347
V,759
E,49,759
E,758,759
E,759,760
E,759,761
E,759,778
V,935
E,234,935
E,236,935
E,933,935
E,935,952
E,935,971
V,335
E,17,335
E,335,337
E,335,339
E,335,368
V,345
E,79,345
E,313,345
E,329,345
E,331,345
E,341,345
E,344,345
E,345,346
V,736
E,46,736
E,731,736
E,732,736
E,736,737
E,736,738
E,736,747
V,501
E,123,501
E,498,501
E,499,501
E,500,501
E,501,502
V,855
E,56,855
E,215,855
E,840,855
E,843,855
E,845,855
E,854,855
E,855,856
V,86
E,83,86
E,86,87
E,86,343
E,86,352
E,86,363
E,86,364
V,833
E,210,833
E,831,833
E,833,835
E,833,844
E,833,846
V,579
E,144,579
E,569,579
E,579,580
E,579,582
E,579,585
V,421
E,108,421
E,274,421
E,420,421
E,421,422
E,421,428
E,421,429
E,421,430
V,949
E,3,949
E,16,949
E,948,949
E,949,957
V,769
E,193,769
E,762,769
E,764,769
E,768,769
E,769,770
E,769,771
V,236
E,234,236
E,236,935
E,236,951
E,236,952
E,236,970
V,1016
E,983,1016
E,998,1016
E,1001,1016
E,1003,1016
E,1016,1017
V,335
E,17,335
E,335,337
E,335,339
E,335,368
V,139
E,33,139
E,137,139
E,138,139
E,139,141
E,139,560
E,139,563
E,139,572
V,216
E,216,851
E,216,852
E,216,853
E,216,857
E,216,861
E,216,862
E,216,1007
V,450
E,443,450
E,448,450
E,449,450
E,450,451
E,450,459
V,35
E,35,572
E,35,573
E,35,574
E,35,576
E,35,577
V,312
E,18,312
E,81,312
E,311,312
E,312,313
E,312,314
E,312,315
E,312,317
V,175
E,175,176
E,175,696
E,175,698
E,175,702
E,175,710
V,897
E,2,897
E,95,897
E,896,897
E,897,898
E,897,899
V,566
E,34,566
E,558,566
E,564,566
E,565,566
E,566,568
V,393
E,23,393
E,99,393
E,100,393
E,359,393
E,379,393
E,392,393
E,393,394
V,165
E,165,670
E,165,671
E,165,672
E,165,800
E,165,803
E,165,804
V,273
E,28,273
E,69,273
E,70,273
E,110,273
E,257,273
E,273,431
V,968
E,233,968
E,966,968
E,968,969
E,968,970
E,968,973
E,968,974
V,551
E,34,551
E,119,551
E,545,551
E,551,554
E,551,558
V,9
E,9,115
E,9,116
E,9,471
E,9,472
E,9,473
E,9,474
E,9,475
E,9,490
V,205
E,205,791
E,205,806
E,205,807
E,205,808
E,205,810
E,205,825
V,386
E,40,386
E,385,386
E,386,387
E,386,640
V,64
E,64,252
E,64,253
E,64,1010
E,64,1011
E,64,1014
E,64,1015
V,573
E,35,573
E,145,573
E,569,573
E,572,573
E,573,577
E,573,578
V,146
E,36,146
E,146,567
E,146,581
E,146,582
E,146,584
E,146,585
V,311
E,305,311
E,308,311
E,309,311
E,310,311
E,311,312
E,311,313
E,311,315
E,311,346
